[2, 0, 0, -1, 0, 0]179418.65986102025
[2.5, 0, 0, -1, 0, 0]143211.94944617676
[3, 0, 0, -1, 0, 0]120896.72123507832
[4, 0, 0, -1, 0, 0]95074.83508107025
[5, 0, 0, -1, 0, 0]80803.38175235824
[6, 0, 0, -1, 0, 0]71729.6870522188
[7, 0, 0, -1, 0, 0]65425.40081997622
[8, 0, 0, -1, 0, 0]60521.73785143753
[9, 0, 0, -1, 0, 0]56751.62794155293
[10, 0, 0, -1, 0, 0]54631.15913858486 # 超调过大
[9, 0, 0, -2, 0, 0]44168.626800677375 # 超调过大
[9, 0, 0, -3, 0, 0]40183.165361039864 # 超调过大
[8.99175359169354, 0.10254325666148723, 0.4726095346544904, -0.7469683955814215, 1.1407645716110526e-05, 0.23309216286721124]130765.19679014216
[8.99175359169354, 0.10254325666148723, 0.4726095346544904, -0.7469683955814215, 1.1407645716110526e-05, 0.23309216286721124]130765.19679014216
[8.99175359169354, 0.10254325666148723, 0.4726095346544904, -0.7469683955814215, 1.1407645716110526e-05, 0.23309216286721124]130765.19679014216
